Num of Materials in MLC
5
Num Of columns
3
Density for 1st material (g/cm^3), Tungsten
17
Number Of lines
105
Photon Energy    Incoher. Scatter. Tot. w/ Coherent 
1.000E-03 4.340E-03 3.683E+03 
1.500E-03 7.514E-03 1.644E+03 
1.809E-03 9.381E-03 1.108E+03 
1.809E-03 9.381E-03 1.315E+03 
1.840E-03 9.566E-03 1.942E+03 
1.872E-03 9.755E-03 2.865E+03 
1.872E-03 9.755E-03 3.123E+03 
2.000E-03 1.052E-02 3.921E+03 
2.281E-03 1.219E-02 2.828E+03 
2.281E-03 1.219E-02 3.279E+03 
2.423E-03 1.302E-02 2.832E+03 
2.575E-03 1.389E-02 2.446E+03 
2.575E-03 1.389E-02 2.599E+03 
2.694E-03 1.457E-02 2.338E+03 
2.820E-03 1.529E-02 2.104E+03 
2.820E-03 1.529E-02 2.194E+03 
3.000E-03 1.633E-02 1.902E+03 
4.000E-03 2.186E-02 9.563E+02 
5.000E-03 2.711E-02 5.532E+02 
6.000E-03 3.203E-02 3.513E+02 
8.000E-03 4.068E-02 1.705E+02 
1.000E-02 4.792E-02 9.690E+01 
1.021E-02 4.861E-02 9.200E+01 
1.021E-02 4.861E-02 2.334E+02 
1.085E-02 5.070E-02 1.985E+02 
1.154E-02 5.280E-02 1.689E+02 
1.154E-02 5.280E-02 2.312E+02 
1.182E-02 5.360E-02 2.185E+02 
1.210E-02 5.441E-02 2.065E+02 
1.210E-02 5.441E-02 2.382E+02 
1.500E-02 6.197E-02 1.389E+02 
2.000E-02 7.246E-02 6.572E+01 
3.000E-02 8.644E-02 2.273E+01 
4.000E-02 9.427E-02 1.067E+01 
5.000E-02 9.863E-02 5.950E+00 
6.000E-02 1.010E-01 3.713E+00 
6.953E-02 1.022E-01 2.552E+00 
6.953E-02 1.022E-01 1.123E+01 
8.000E-02 1.026E-01 7.809E+00 
1.000E-01 1.020E-01 4.437E+00 
1.500E-01 9.738E-02 1.581E+00 
2.000E-01 9.185E-02 7.845E-01 
3.000E-01 8.212E-02 3.238E-01 
4.000E-01 7.458E-02 1.925E-01 
5.000E-01 6.866E-02 1.378E-01 
6.000E-01 6.384E-02 1.093E-01 
8.000E-01 5.641E-02 8.066E-02 
1.000E+00 5.087E-02 6.618E-02 
1.022E+00 5.031E-02 6.497E-02 
1.170E+00 4.707E-02 5.840E-02 
1.250E+00 4.556E-02 5.576E-02 
1.330E+00 4.416E-02 5.357E-02 
1.500E+00 4.147E-02 5.000E-02 
2.000E+00 3.544E-02 4.433E-02 
2.044E+00 3.502E-02 4.404E-02 
3.000E+00 2.791E-02 4.075E-02 
4.000E+00 2.330E-02 4.038E-02 
5.000E+00 2.012E-02 4.103E-02 
6.000E+00 1.779E-02 4.210E-02 
7.000E+00 1.599E-02 4.337E-02 
8.000E+00 1.455E-02 4.472E-02 
9.000E+00 1.338E-02 4.610E-02 
1.000E+01 1.240E-02 4.747E-02 
1.100E+01 1.156E-02 4.882E-02 
1.200E+01 1.085E-02 5.016E-02 
1.300E+01 1.022E-02 5.144E-02 
1.400E+01 9.666E-03 5.269E-02 
1.500E+01 9.175E-03 5.384E-02 
1.600E+01 8.739E-03 5.499E-02 
1.800E+01 7.986E-03 5.704E-02 
2.000E+01 7.363E-03 5.893E-02 
2.200E+01 6.843E-03 6.069E-02 
2.400E+01 6.394E-03 6.233E-02 
2.600E+01 6.004E-03 6.383E-02 
2.800E+01 5.663E-03 6.524E-02 
3.000E+01 5.362E-03 6.653E-02 
4.000E+01 4.262E-03 7.201E-02 
5.000E+01 3.557E-03 7.619E-02 
6.000E+01 3.065E-03 7.949E-02 
8.000E+01 2.417E-03 8.444E-02 
1.000E+02 2.006E-03 8.796E-02 
1.500E+02 1.429E-03 9.363E-02 
2.000E+02 1.120E-03 9.702E-02 
3.000E+02 7.940E-04 1.010E-01 
4.000E+02 6.217E-04 1.033E-01 
5.000E+02 5.146E-04 1.048E-01 
6.000E+02 4.406E-04 1.059E-01 
8.000E+02 3.443E-04 1.073E-01 
1.000E+03 2.832E-04 1.082E-01 
1.500E+03 1.977E-04 1.096E-01 
2.000E+03 1.531E-04 1.103E-01 
3.000E+03 1.064E-04 1.111E-01 
4.000E+03 8.215E-05 1.115E-01 
5.000E+03 6.715E-05 1.118E-01 
6.000E+03 5.696E-05 1.120E-01 
8.000E+03 4.389E-05 1.122E-01 
1.000E+04 3.583E-05 1.124E-01 
1.500E+04 2.476E-05 1.126E-01 
2.000E+04 1.903E-05 1.128E-01 
3.000E+04 1.313E-05 1.129E-01 
4.000E+04 1.008E-05 1.129E-01 
5.000E+04 8.209E-06 1.130E-01 
6.000E+04 6.938E-06 1.130E-01 
8.000E+04 5.320E-06 1.131E-01 
1.000E+05 4.327E-06 1.131E-01 
Density for 2nd material (g/cm^3), Air
0.001195
Number Of lines
93
Photon  Energy    Incoher. Scatter.   Tot. w/  Coherent
1.000E-03 1.05E-02 3.58E+03 
1.500E-03 2.13E-02 1.18E+03 
1.675E-03 2.56E-02 8.68E+02 
1.675E-03 2.56E-02 8.68E+02 
1.701E-03 2.62E-02 8.31E+02 
1.727E-03 2.69E-02 7.96E+02 
1.727E-03 2.69E-02 7.96E+02 
1.822E-03 2.92E-02 6.84E+02 
1.921E-03 3.17E-02 5.88E+02 
1.921E-03 3.17E-02 5.88E+02 
2.000E-03 3.37E-02 5.24E+02 
3.000E-03 5.79E-02 1.61E+02 
3.203E-03 6.24E-02 1.33E+02 
3.203E-03 6.24E-02 1.33E+02 
3.203E-03 6.24E-02 1.43E+02 
4.000E-03 7.82E-02 7.48E+01 
5.000E-03 9.38E-02 3.86E+01 
6.000E-03 1.06E-01 2.24E+01 
8.000E-03 1.22E-01 9.45E+00 
1.000E-02 1.32E-01 4.87E+00 
1.433E-02 1.46E-01 1.74E+00 
1.433E-02 1.46E-01 1.74E+00 
1.500E-02 1.48E-01 1.54E+00 
2.000E-02 1.56E-01 7.45E-01 
3.000E-02 1.63E-01 3.44E-01 
4.000E-02 1.63E-01 2.45E-01 
5.000E-02 1.62E-01 2.06E-01 
6.000E-02 1.59E-01 1.86E-01 
8.000E-02 1.53E-01 1.66E-01 
1.000E-01 1.46E-01 1.54E-01 
1.500E-01 1.33E-01 1.36E-01 
2.000E-01 1.22E-01 1.23E-01 
3.000E-01 1.06E-01 1.07E-01 
4.000E-01 9.52E-02 9.56E-02 
5.000E-01 8.70E-02 8.72E-02 
6.000E-01 8.05E-02 8.07E-02 
8.000E-01 7.07E-02 7.08E-02 
1.000E+00 6.36E-02 6.37E-02 
1.022E+00 6.30E-02 6.30E-02 
1.250E+00 5.69E-02 5.70E-02 
1.500E+00 5.17E-02 5.18E-02 
2.000E+00 4.41E-02 4.45E-02 
2.044E+00 4.36E-02 4.40E-02 
3.000E+00 3.47E-02 3.59E-02 
4.000E+00 2.90E-02 3.08E-02 
5.000E+00 2.50E-02 2.75E-02 
6.000E+00 2.21E-02 2.52E-02 
7.000E+00 1.99E-02 2.35E-02 
8.000E+00 1.81E-02 2.23E-02 
9.000E+00 1.66E-02 2.12E-02 
1.000E+01 1.54E-02 2.04E-02 
1.100E+01 1.44E-02 1.98E-02 
1.200E+01 1.35E-02 1.92E-02 
1.300E+01 1.27E-02 1.88E-02 
1.400E+01 1.20E-02 1.84E-02 
1.500E+01 1.14E-02 1.81E-02 
1.600E+01 1.09E-02 1.78E-02 
1.800E+01 9.92E-03 1.74E-02 
2.000E+01 9.15E-03 1.70E-02 
2.200E+01 8.50E-03 1.68E-02 
2.400E+01 7.94E-03 1.66E-02 
2.600E+01 7.46E-03 1.64E-02 
2.800E+01 7.04E-03 1.63E-02 
3.000E+01 6.66E-03 1.62E-02 
4.000E+01 5.29E-03 1.60E-02 
5.000E+01 4.42E-03 1.61E-02 
6.000E+01 3.81E-03 1.62E-02 
8.000E+01 3.00E-03 1.65E-02 
1.000E+02 2.49E-03 1.68E-02 
1.500E+02 1.77E-03 1.74E-02 
2.000E+02 1.39E-03 1.78E-02 
3.000E+02 9.86E-04 1.85E-02 
4.000E+02 7.72E-04 1.88E-02 
5.000E+02 6.39E-04 1.91E-02 
6.000E+02 5.47E-04 1.93E-02 
8.000E+02 4.27E-04 1.96E-02 
1.000E+03 3.52E-04 1.98E-02 
1.500E+03 2.46E-04 2.01E-02 
2.000E+03 1.90E-04 2.02E-02 
3.000E+03 1.32E-04 2.04E-02 
4.000E+03 1.02E-04 2.05E-02 
5.000E+03 8.34E-05 2.06E-02 
6.000E+03 7.07E-05 2.06E-02 
8.000E+03 5.45E-05 2.07E-02 
1.000E+04 4.45E-05 2.07E-02 
1.500E+04 3.08E-05 2.08E-02 
2.000E+04 2.36E-05 2.08E-02 
3.000E+04 1.63E-05 2.08E-02 
4.000E+04 1.25E-05 2.08E-02 
5.000E+04 1.02E-05 2.09E-02 
6.000E+04 8.62E-06 2.09E-02 
8.000E+04 6.61E-06 2.09E-02 
1.000E+05 5.38E-06 2.09E-02 
Density for 3rd material (g/cm^3),  gradient coil, FR4
1.85
Number Of lines
94
Photon  Energy    Incoher. Scatter.   Tot. w/  Coherent 
1.000E-03 1.20E-02 3.03E+03 
1.072E-03 1.35E-02 2.52E+03 
1.072E-03 1.35E-02 2.54E+03 
1.183E-03 1.58E-02 1.95E+03 
1.305E-03 1.85E-02 1.50E+03 
1.305E-03 1.85E-02 1.69E+03 
1.500E-03 2.29E-02 1.17E+03 
1.560E-03 2.43E-02 1.05E+03 
1.560E-03 2.43E-02 1.27E+03 
1.694E-03 2.73E-02 1.03E+03 
1.839E-03 3.07E-02 8.24E+02 
1.839E-03 3.07E-02 1.33E+03 
2.000E-03 3.43E-02 1.10E+03 
3.000E-03 5.55E-02 3.70E+02 
3.607E-03 6.67E-02 2.22E+02 
3.607E-03 6.67E-02 2.29E+02 
4.000E-03 7.31E-02 1.72E+02 
4.038E-03 7.37E-02 1.68E+02 
4.038E-03 7.37E-02 2.25E+02 
5.000E-03 8.71E-02 1.26E+02 
6.000E-03 9.82E-02 7.56E+01 
8.000E-03 1.14E-01 3.35E+01 
1.000E-02 1.26E-01 1.77E+01 
1.500E-02 1.43E-01 5.51E+00 
2.000E-02 1.52E-01 2.45E+00 
3.000E-02 1.60E-01 8.53E-01 
4.000E-02 1.62E-01 4.60E-01 
5.000E-02 1.60E-01 3.17E-01 
6.000E-02 1.58E-01 2.51E-01 
8.000E-02 1.52E-01 1.94E-01 
1.000E-01 1.46E-01 1.69E-01 
1.500E-01 1.33E-01 1.41E-01 
2.000E-01 1.22E-01 1.26E-01 
3.000E-01 1.07E-01 1.08E-01 
4.000E-01 9.59E-02 9.67E-02 
5.000E-01 8.76E-02 8.81E-02 
6.000E-01 8.11E-02 8.14E-02 
8.000E-01 7.13E-02 7.14E-02 
1.000E+00 6.41E-02 6.42E-02 
1.022E+00 6.34E-02 6.35E-02 
1.250E+00 5.73E-02 5.74E-02 
1.500E+00 5.21E-02 5.23E-02 
2.000E+00 4.45E-02 4.50E-02 
2.044E+00 4.39E-02 4.45E-02 
3.000E+00 3.50E-02 3.65E-02 
4.000E+00 2.92E-02 3.16E-02 
5.000E+00 2.52E-02 2.85E-02 
6.000E+00 2.23E-02 2.64E-02 
7.000E+00 2.00E-02 2.48E-02 
8.000E+00 1.82E-02 2.37E-02 
9.000E+00 1.67E-02 2.28E-02 
1.000E+01 1.55E-02 2.21E-02 
1.100E+01 1.45E-02 2.15E-02 
1.200E+01 1.36E-02 2.10E-02 
1.300E+01 1.28E-02 2.07E-02 
1.400E+01 1.21E-02 2.04E-02 
1.500E+01 1.15E-02 2.01E-02 
1.600E+01 1.09E-02 1.99E-02 
1.800E+01 9.99E-03 1.96E-02 
2.000E+01 9.22E-03 1.94E-02 
2.200E+01 8.56E-03 1.92E-02 
2.400E+01 8.00E-03 1.91E-02 
2.600E+01 7.51E-03 1.91E-02 
2.800E+01 7.09E-03 1.90E-02 
3.000E+01 6.71E-03 1.90E-02 
4.000E+01 5.33E-03 1.91E-02 
5.000E+01 4.45E-03 1.94E-02 
6.000E+01 3.83E-03 1.97E-02 
8.000E+01 3.02E-03 2.02E-02 
1.000E+02 2.51E-03 2.07E-02 
1.500E+02 1.79E-03 2.16E-02 
2.000E+02 1.40E-03 2.22E-02 
3.000E+02 9.93E-04 2.30E-02 
4.000E+02 7.78E-04 2.35E-02 
5.000E+02 6.44E-04 2.38E-02 
6.000E+02 5.51E-04 2.41E-02 
8.000E+02 4.31E-04 2.44E-02 
1.000E+03 3.54E-04 2.47E-02 
1.500E+03 2.47E-04 2.50E-02 
2.000E+03 1.92E-04 2.52E-02 
3.000E+03 1.33E-04 2.54E-02 
4.000E+03 1.03E-04 2.56E-02 
5.000E+03 8.40E-05 2.56E-02 
6.000E+03 7.13E-05 2.57E-02 
8.000E+03 5.49E-05 2.57E-02 
1.000E+04 4.48E-05 2.58E-02 
1.500E+04 3.10E-05 2.59E-02 
2.000E+04 2.38E-05 2.59E-02 
3.000E+04 1.64E-05 2.59E-02 
4.000E+04 1.26E-05 2.59E-02 
5.000E+04 1.03E-05 2.60E-02 
6.000E+04 8.68E-06 2.60E-02 
8.000E+04 6.66E-06 2.60E-02 
1.000E+05 5.41E-06 2.60E-02
Density for 4th material (g/cm^3), RF shield
2.788
Number Of lines
84
Photon  Energy    Incoher. Scatter.   Tot. w/  Coherent 
1.000E-03 8.74E-03 7.54E+03 
1.096E-03 1.02E-02 5.88E+03 
1.096E-03 1.02E-02 6.55E+03 
1.500E-03 1.69E-02 3.05E+03 
2.000E-03 2.56E-02 1.47E+03 
3.000E-03 4.22E-02 5.05E+02 
4.000E-03 5.63E-02 2.32E+02 
5.000E-03 6.78E-02 1.26E+02 
6.000E-03 7.72E-02 7.66E+01 
8.000E-03 9.19E-02 3.46E+01 
8.979E-03 9.76E-02 2.52E+01 
8.979E-03 9.76E-02 1.72E+02 
1.000E-02 1.03E-01 1.33E+02 
1.500E-02 1.21E-01 4.57E+01 
2.000E-02 1.32E-01 2.09E+01 
3.000E-02 1.42E-01 6.79E+00 
4.000E-02 1.46E-01 3.06E+00 
5.000E-02 1.46E-01 1.68E+00 
6.000E-02 1.45E-01 1.05E+00 
8.000E-02 1.41E-01 5.33E-01 
1.000E-01 1.37E-01 3.42E-01 
1.500E-01 1.25E-01 1.90E-01 
2.000E-01 1.16E-01 1.45E-01 
3.000E-01 1.02E-01 1.12E-01 
4.000E-01 9.13E-02 9.63E-02 
5.000E-01 8.36E-02 8.65E-02 
6.000E-01 7.74E-02 7.93E-02 
8.000E-01 6.80E-02 6.91E-02 
1.000E+00 6.12E-02 6.19E-02 
1.022E+00 6.06E-02 6.12E-02 
1.250E+00 5.48E-02 5.52E-02 
1.500E+00 4.98E-02 5.04E-02 
2.000E+00 4.25E-02 4.37E-02 
2.044E+00 4.20E-02 4.33E-02 
3.000E+00 3.34E-02 3.65E-02 
4.000E+00 2.79E-02 3.27E-02 
5.000E+00 2.41E-02 3.04E-02 
6.000E+00 2.13E-02 2.90E-02 
7.000E+00 1.91E-02 2.81E-02 
8.000E+00 1.74E-02 2.76E-02 
9.000E+00 1.60E-02 2.72E-02 
1.000E+01 1.48E-02 2.69E-02 
1.100E+01 1.38E-02 2.68E-02 
1.200E+01 1.30E-02 2.67E-02 
1.300E+01 1.22E-02 2.67E-02 
1.400E+01 1.16E-02 2.67E-02 
1.500E+01 1.10E-02 2.68E-02 
1.600E+01 1.05E-02 2.69E-02 
1.800E+01 9.56E-03 2.70E-02 
2.000E+01 8.81E-03 2.73E-02 
2.200E+01 8.19E-03 2.75E-02 
2.400E+01 7.65E-03 2.78E-02 
2.600E+01 7.18E-03 2.81E-02 
2.800E+01 6.78E-03 2.83E-02 
3.000E+01 6.42E-03 2.86E-02 
4.000E+01 5.10E-03 2.99E-02 
5.000E+01 4.26E-03 3.09E-02 
6.000E+01 3.67E-03 3.19E-02 
8.000E+01 2.89E-03 3.33E-02 
1.000E+02 2.40E-03 3.45E-02 
1.500E+02 1.71E-03 3.64E-02 
2.000E+02 1.34E-03 3.76E-02 
3.000E+02 9.50E-04 3.91E-02 
4.000E+02 7.44E-04 4.00E-02 
5.000E+02 6.16E-04 4.06E-02 
6.000E+02 5.27E-04 4.10E-02 
8.000E+02 4.12E-04 4.16E-02 
1.000E+03 3.39E-04 4.19E-02 
1.500E+03 2.37E-04 4.25E-02 
2.000E+03 1.83E-04 4.28E-02 
3.000E+03 1.27E-04 4.31E-02 
4.000E+03 9.83E-05 4.33E-02 
5.000E+03 8.04E-05 4.34E-02 
6.000E+03 6.81E-05 4.35E-02 
8.000E+03 5.25E-05 4.36E-02 
1.000E+04 4.29E-05 4.37E-02 
1.500E+04 2.96E-05 4.38E-02 
2.000E+04 2.28E-05 4.38E-02 
3.000E+04 1.57E-05 4.39E-02 
4.000E+04 1.21E-05 4.39E-02 
5.000E+04 9.82E-06 4.39E-02 
6.000E+04 8.30E-06 4.39E-02 
8.000E+04 6.36E-06 4.40E-02 
1.000E+05 5.18E-06 4.40E-02
Density for 5th material (g/cm^3), transmit coil, PCB Type1, without Copper
1.3846
Number Of lines
80
Photon  Energy    Incoher. Scatter.   Tot. w/  Coherent
1.000E-03 1.31E-02 2.72E+03 
1.500E-03 2.62E-02 8.85E+02 
2.000E-03 4.05E-02 3.89E+02 
3.000E-03 6.75E-02 1.18E+02 
4.000E-03 8.90E-02 5.01E+01 
5.000E-03 1.05E-01 2.55E+01 
6.000E-03 1.17E-01 1.47E+01 
8.000E-03 1.32E-01 6.16E+00 
1.000E-02 1.43E-01 3.18E+00 
1.500E-02 1.58E-01 1.05E+00 
2.000E-02 1.66E-01 5.44E-01 
3.000E-02 1.72E-01 2.90E-01 
4.000E-02 1.72E-01 2.26E-01 
5.000E-02 1.69E-01 2.00E-01 
6.000E-02 1.66E-01 1.85E-01 
8.000E-02 1.59E-01 1.69E-01 
1.000E-01 1.52E-01 1.58E-01 
1.500E-01 1.38E-01 1.40E-01 
2.000E-01 1.27E-01 1.28E-01 
3.000E-01 1.10E-01 1.11E-01 
4.000E-01 9.90E-02 9.93E-02 
5.000E-01 9.04E-02 9.06E-02 
6.000E-01 8.37E-02 8.38E-02 
8.000E-01 7.35E-02 7.36E-02 
1.000E+00 6.61E-02 6.62E-02 
1.022E+00 6.54E-02 6.55E-02 
1.250E+00 5.91E-02 5.92E-02 
1.500E+00 5.37E-02 5.38E-02 
2.000E+00 4.59E-02 4.62E-02 
2.044E+00 4.53E-02 4.57E-02 
3.000E+00 3.61E-02 3.71E-02 
4.000E+00 3.01E-02 3.17E-02 
5.000E+00 2.60E-02 2.82E-02 
6.000E+00 2.30E-02 2.57E-02 
7.000E+00 2.06E-02 2.39E-02 
8.000E+00 1.88E-02 2.25E-02 
9.000E+00 1.73E-02 2.13E-02 
1.000E+01 1.60E-02 2.04E-02 
1.100E+01 1.49E-02 1.97E-02 
1.200E+01 1.40E-02 1.91E-02 
1.300E+01 1.32E-02 1.86E-02 
1.400E+01 1.25E-02 1.81E-02 
1.500E+01 1.18E-02 1.77E-02 
1.600E+01 1.13E-02 1.74E-02 
1.800E+01 1.03E-02 1.69E-02 
2.000E+01 9.50E-03 1.65E-02 
2.200E+01 8.83E-03 1.62E-02 
2.400E+01 8.25E-03 1.59E-02 
2.600E+01 7.75E-03 1.57E-02 
2.800E+01 7.31E-03 1.56E-02 
3.000E+01 6.92E-03 1.54E-02 
4.000E+01 5.50E-03 1.51E-02 
5.000E+01 4.59E-03 1.50E-02 
6.000E+01 3.95E-03 1.50E-02 
8.000E+01 3.12E-03 1.51E-02 
1.000E+02 2.59E-03 1.53E-02 
1.500E+02 1.84E-03 1.58E-02 
2.000E+02 1.45E-03 1.62E-02 
3.000E+02 1.02E-03 1.67E-02 
4.000E+02 8.02E-04 1.70E-02 
5.000E+02 6.64E-04 1.73E-02 
6.000E+02 5.69E-04 1.75E-02 
8.000E+02 4.44E-04 1.77E-02 
1.000E+03 3.65E-04 1.79E-02 
1.500E+03 2.55E-04 1.81E-02 
2.000E+03 1.98E-04 1.83E-02 
3.000E+03 1.37E-04 1.85E-02 
4.000E+03 1.06E-04 1.86E-02 
5.000E+03 8.67E-05 1.86E-02 
6.000E+03 7.35E-05 1.87E-02 
8.000E+03 5.66E-05 1.87E-02 
1.000E+04 4.62E-05 1.87E-02 
1.500E+04 3.20E-05 1.88E-02 
2.000E+04 2.46E-05 1.88E-02 
3.000E+04 1.69E-05 1.88E-02 
4.000E+04 1.30E-05 1.89E-02 
5.000E+04 1.06E-05 1.89E-02 
6.000E+04 8.95E-06 1.89E-02 
8.000E+04 6.87E-06 1.89E-02 
1.000E+05 5.58E-06 1.89E-02
Density for 6th mat (g/cm^3), in receive Coil, 1 conduct region based on TECH174
0.0917
Number Of lines
86
Photon  Energy    Incoher. Scatter.   Tot. w/  Coherent
1.000E-03 1.12E-02 4.39E+03 
1.096E-03 1.31E-02 3.42E+03 
1.096E-03 1.31E-02 3.67E+03 
1.500E-03 2.21E-02 1.65E+03 
2.000E-03 3.39E-02 7.77E+02 
2.822E-03 5.23E-02 3.06E+02 
2.822E-03 5.23E-02 5.68E+02 
3.000E-03 5.59E-02 4.97E+02 
4.000E-03 7.37E-02 2.31E+02 
5.000E-03 8.73E-02 1.26E+02 
6.000E-03 9.76E-02 7.66E+01 
8.000E-03 1.13E-01 3.44E+01 
8.979E-03 1.18E-01 2.49E+01 
8.979E-03 1.18E-01 7.81E+01 
1.000E-02 1.23E-01 6.00E+01 
1.500E-02 1.40E-01 2.02E+01 
2.000E-02 1.50E-01 9.20E+00 
3.000E-02 1.58E-01 3.03E+00 
4.000E-02 1.59E-01 1.41E+00 
5.000E-02 1.58E-01 8.16E-01 
6.000E-02 1.56E-01 5.44E-01 
8.000E-02 1.51E-01 3.20E-01 
1.000E-01 1.45E-01 2.35E-01 
1.500E-01 1.33E-01 1.61E-01 
2.000E-01 1.22E-01 1.35E-01 
3.000E-01 1.07E-01 1.11E-01 
4.000E-01 9.58E-02 9.80E-02 
5.000E-01 8.75E-02 8.89E-02 
6.000E-01 8.10E-02 8.19E-02 
8.000E-01 7.12E-02 7.17E-02 
1.000E+00 6.41E-02 6.44E-02 
1.022E+00 6.34E-02 6.37E-02 
1.250E+00 5.73E-02 5.75E-02 
1.500E+00 5.21E-02 5.24E-02 
2.000E+00 4.44E-02 4.52E-02 
2.044E+00 4.39E-02 4.47E-02 
3.000E+00 3.50E-02 3.70E-02 
4.000E+00 2.92E-02 3.24E-02 
5.000E+00 2.52E-02 2.95E-02 
6.000E+00 2.23E-02 2.75E-02 
7.000E+00 2.00E-02 2.61E-02 
8.000E+00 1.82E-02 2.51E-02 
9.000E+00 1.67E-02 2.44E-02 
1.000E+01 1.55E-02 2.38E-02 
1.100E+01 1.45E-02 2.34E-02 
1.200E+01 1.36E-02 2.30E-02 
1.300E+01 1.28E-02 2.27E-02 
1.400E+01 1.21E-02 2.25E-02 
1.500E+01 1.15E-02 2.23E-02 
1.600E+01 1.09E-02 2.22E-02 
1.800E+01 9.99E-03 2.20E-02 
2.000E+01 9.22E-03 2.20E-02 
2.200E+01 8.56E-03 2.19E-02 
2.400E+01 8.00E-03 2.19E-02 
2.600E+01 7.51E-03 2.20E-02 
2.800E+01 7.09E-03 2.20E-02 
3.000E+01 6.71E-03 2.21E-02 
4.000E+01 5.33E-03 2.25E-02 
5.000E+01 4.45E-03 2.30E-02 
6.000E+01 3.83E-03 2.35E-02 
8.000E+01 3.02E-03 2.43E-02 
1.000E+02 2.51E-03 2.50E-02 
1.500E+02 1.79E-03 2.62E-02 
2.000E+02 1.40E-03 2.70E-02 
3.000E+02 9.93E-04 2.80E-02 
4.000E+02 7.78E-04 2.86E-02 
5.000E+02 6.44E-04 2.90E-02 
6.000E+02 5.51E-04 2.93E-02 
8.000E+02 4.31E-04 2.97E-02 
1.000E+03 3.54E-04 3.00E-02 
1.500E+03 2.47E-04 3.04E-02 
2.000E+03 1.91E-04 3.07E-02 
3.000E+03 1.33E-04 3.09E-02 
4.000E+03 1.03E-04 3.11E-02 
5.000E+03 8.40E-05 3.11E-02 
6.000E+03 7.13E-05 3.12E-02 
8.000E+03 5.49E-05 3.13E-02 
1.000E+04 4.48E-05 3.13E-02 
1.500E+04 3.10E-05 3.14E-02 
2.000E+04 2.38E-05 3.15E-02 
3.000E+04 1.64E-05 3.15E-02 
4.000E+04 1.26E-05 3.15E-02 
5.000E+04 1.03E-05 3.15E-02 
6.000E+04 8.68E-06 3.15E-02 
8.000E+04 6.66E-06 3.16E-02 
1.000E+05 5.41E-06 3.16E-02